  1867    91      1868  88
1869  64      1870    11    1871      2
1872    92  1873  67    1874    50    1875      48    1876      14      1877  13  1878      10      1879    17  1880  52    1881    69
1882    43  1883    56  1884      60      1885  78  1886  93
1887    31      1888    14    1889  6  1890  51  1891    49  1892    88      1893      91    1894  79      1895  51
1896    41      1897      25    1898  8    1899    2
1900  55    1901  78
1902      38
1903      69      1904    60  1905  89  1906  42
1907    75
1908  73      1909    70  1910  68      1911  67    1912    64  1913      61      1914      58      1915  55    1916      40      1917  31
1918      25  1919  14      1920  33    1921    45  1922  67    1923      60    1924      55
1925  53
1926    55    1927  57
1928    62  1929    64      1930      68
1931    72  1932  73  1933    78
1934    65
1935      44  1936    22  1937      4      1938  16    1939    21  1940      67  1941  75    1942    95  1943    100    1944  91  1945      85
1946      84
1947  23      1948      14    1949    22
1950      19  1951  33    1952      14    1953    28  1954    37      1955    34    1956  41  1957  39
1958  56  1959    50  1960    67      1961    59    1962    71
1963      68      1964  81      1965    91      1966      93      1967  55    1968    12    1969      36  1970      17
1971    58
1972    50  1973    50    1974  50    1975  33  1976    33
1977      33    1978    45
1979    78
1980      77      1981    76    1982    75
1983  12    1984  14  1985  16    1986      18      1987      25
1988  35    1989    45      1990  41  1991      53    1992      55    1993    67    1994      87  1995      62  1996  67      1997  55    1998    32  1999      12
2000      56  2001    5
2002    12    2003    24      2004      37  2005  12  2006    56      2007      98      2008      93
2009      99  2010      59  2011  49    2012  38      2013  36  2014    74      2015    33  2016  58
