                          INSTITUCION EDUCATIVA_TP
                      RELAION DE PAGOS DE LOS ALUMNOS
================================================================================
      ALUMNO    ESCALA   TOTAL DE CREDITOS   TOTAL DE CURSOS   TOTAL A PAGAR
--------------------------------------------------------------------------------
01)  20195244      7          31.75                 7             28298.8   
02)  20215248      7          28.5                  7             25402     
03)  20193490      6          31.75                 7             24774.5   
04)  20231938      8          24                    6             23839.2   
05)  20205864      8          23.75                 6             23590.9   
06)  20193984      8          23.75                 5             23590.9   
07)  20191754      6          28.75                 7             22433.6   
08)  20233583      9          19.75                 5             21308.3   
09)  20216619      6          27                    6             21068.1   
10)  20212697      6          26.5                  6             20677.9   
11)  20221873      6          25.5                  6             19897.6   
12)  20207741      8          20                    5             19866     
13)  20197557      8          19.5                  5             19369.3   
14)  20198608      6          24.5                  6             19117.3   
15)  20197374      6          24                    6             18727.2   
16)  20197155      6          23.25                 5             18142     
17)  20222575      8          18.25                 5             18127.7   
18)  20198434      7          19.75                 5             17603.2   
19)  20198069      8          17.5                  5             17382.8   
20)  20236905      7          18.75                 5             16711.9   
21)  20231152      5          23.25                 7             15505.4   
22)  20202687      6          18.75                 5             14630.6   
23)  20218255      8          13.75                 3             13657.9   
24)  20208940      4          23.5                  6             13082.4   
25)  20218679      9          12                    3             12946.8   
26)  20205844      9          11.75                 3             12677.1   
27)  20209968      8          12.75                 3             12664.6   
28)  20208971      4          21.75                 6             12108.2   
29)  20198237      9          11                    3             11867.9   
30)  20193012      5          17.75                 5             11837.5   
31)  20207053      4          21.25                 5             11829.9   
32)  20238549      8          11.25                 3             11174.6   
33)  20218376      3          24.25                 5             11014.3   
34)  20226455      4          19.75                 5             10994.8   
35)  20197378      3          23.75                 6             10787.2   
36)  20217328      2          29.25                 7             10588.5   
37)  20236453      4          19                    5             10577.3   
38)  20224165      4          19                    5             10577.3   
39)  20198922      7          11.75                 3             10472.8   
40)  20208175      3          22.75                 6             10333     
41)  20192298      4          18.25                 5             10159.8   
42)  20213075      2          27.75                 7             10045.5   
43)  20219990      2          27.75                 6             10045.5   
44)  20193573      4          17.75                 5             9881.42   
45)  20198845      3          21.75                 5             9878.85   
46)  20238246      1          33.75                 7             9527.62   
47)  20195979      5          14.25                 3             9503.32   
48)  20195764      2          25                    7             9050      
49)  20193891      3          19.75                 5             8970.45   
50)  20196536      3          19.5                  5             8856.9    
51)  20197480      5          12.5                  3             8336.25   
52)  20196245      1          28.25                 7             7974.98   
53)  20227724      2          19                    5             6878      
54)  20211892      1          24                    6             6775.2    
55)  20233816      1          24                    6             6775.2    
56)  20194050      5          10                    3             6669      
57)  20193769      5          9.5                   3             6335.55   
58)  20224223      4          11.25                 3             6262.88   
59)  20216298      4          11.25                 3             6262.88   
60)  20237059      1          22                    6             6210.6    
61)  20195340      4          11                    3             6123.7    
62)  20227341      3          12.25                 3             5563.95   
63)  20239652      3          12                    3             5450.4    
64)  20235440      1          19.25                 5             5434.28   
65)  20202756      2          14.75                 3             5339.5    
66)  20219566      2          14.25                 5             5158.5    
67)  20236102      3          11.25                 3             5109.75   
68)  20229272      1          17                    5             4799.1    
69)  20205830      2          13.25                 3             4796.5    
70)  20225162      3          10.25                 3             4655.55   
71)  20226271      2          12.25                 3             4434.5    
72)  20202031      2          11.25                 3             4072.5    
73)  20221316      1          13.75                 3             3881.62   
74)  20229400      1          11.5                  3             3246.45   
75)  20193373      1          10.75                 3             3034.72   
================================================================================

                    RELACION DE INGRESOS POR CADA CURSO
================================================================================
     CURSO    CREDITOS   ALUMNOS MATRICULADOS   TOTAL DE INGRESOS
01)  231289     3               5                     10077.6       
02)  109245     4.25            5                     11736.8       
03)  481220     3.75            6                     12367.1       
04)  109248     3.25            7                     11926.5       
05)  109263     4.25            7                     17890.8       
06)  231283     3.75            7                     16967.2       
07)  231373     2.75            7                     9593.65       
08)  109250     4.75            8                     24273.4       
09)  481229     3.75            8                     17447.6       
10)  481239     4.25            9                     27200.9       
11)  481218     5.25            9                     31033.8       
12)  231286     3.25            9                     14285.7       
13)  481230     3.75            9                     20377.9       
14)  231206     2.75            9                     13996.7       
15)  109238     5               9                     27439         
16)  481203     4.25            10                    33249.9       
17)  109281     3.25            10                    17226         
18)  481247     3.75            10                    19638.4       
19)  231209     3.75            10                    23130.4       
20)  375218     3.25            11                    23670.4       
21)  375241     5.75            11                    35478.1       
22)  481219     3.25            11                    21309.6       
23)  109282     4.25            11                    30894.9       
24)  375219     2.25            11                    15522.1       
25)  481248     4               12                    32674.4       
26)  109239     4.25            12                    31643.4       
27)  109220     3.25            13                    29936.4       
28)  375781     4.75            13                    28576.5       
29)  481227     4               15                    42564.8       
30)  231292     2.75            17                    28139.9       
31)  231270     5.75            17                    55121.2       
32)  481208     3.75            17                    38524.1       
33)  231269     4.75            17                    58677.2       
34)  109246     4.75            18                    62166.1       
================================================================================

