9/09/2023   94683380   2.60   11:17:52   12:48:30   40414   28409   5
9/08/2023   63640178   35.11   9:43:25   11:1:2   30557   24733   19   48039   15   96554   19   41403   16
16/01/2024   35852072   12.96   15:30:50   17:41:25   15092   30220   7   68860   11   43709   13   81960   7   28992   17   33200   1   39779   4
16/01/2024   36471787   24.26   9:28:4   9:54:7   49768   77534   8   94459   9   92628   5   33311   12   70225   16   70303   2   68730   10
6/08/2023   53420926   15.57   10:30:32   11:21:3   70233   88681   6   57269   16   30007   3   84771   8   48039   13
29/03/2024   72330000   85.19   11:27:18   14:14:46   53556   49685   8   53200   5   37549   14   62008   13   82528   2   48557   2   45814   11
16/09/2023   12484697   84.78   12:44:29   15:14:54   70992   12388   15   62008   11   89325   18
5/08/2023   51465986   21.32   12:34:38   13:18:52   19777
15/12/2023   51465986   62.10   15:55:39   16:30:58   70367   58036   2   42053   5   74680   6   72969   16   53084   11   76247   10   81695   18
1/09/2023   34697743   34.67   12:3:54   13:38:40   70992   64347   18   98261   1   14075   17   16299   20   81821   7
22/10/2023   77440060   15.02   14:40:59   15:52:49   80063   34080   7   92560   19   37549   1   84555   7   28892   6   72969   19
27/10/2023   93231760   58.66   11:55:54   14:12:26   25448   68346   11
1/08/2023   53420926   22.25   16:13:29   18:57:19   40414   93578   6   68539   19   53166   4   17645   3   65667   15
9/09/2023   51465986   70.47   13:17:55   14:12:18   80063   16055   2   92628   13   54692   11   72939   18
18/08/2023   15290194   11.25   14:28:55   16:9:45   19777   31189   12   34080   15   26920   20   65985   14   76596   1
4/08/2023   62287143   7.80   8:53:25   10:55:32   33687   88994   19   40997   5   67415   5   16359   13   37549   5
8/11/2023   22598563   48.69   14:12:33   16:19:27   40414   55701   6   45814   14
16/09/2023   62287143   83.54   8:2:53   9:58:28   25448   55701   10   49756   9   17804   4   58036   6
4/10/2023   63640178   85.27   15:16:39   17:6:38   80138   85325   8
26/10/2023   72330000   42.96   15:55:20   15:57:19   70992
29/08/2023   32538825   44.25   15:55:56   16:35:39   18262   89325   12   70226   15
10/08/2023   22598563   4.87   9:59:49   11:39:10   80040   43709   5   53200   2   42861   18   36622   11   68346   5   57036   18
14/08/2023   36471787   5.05   12:38:31   15:5:33   80063   39088   15   34070   4   53846   14
29/03/2024   51642949   4.19   9:58:0   10:46:21   90562
29/12/2023   77324146   27.79   14:5:16   15:6:45   14787   36711   6   33311   10   77358   2   59121   11   27447   9   24522   13   55701   10
14/09/2023   93961840   6.22   16:42:50   17:48:54   91509   83801   3   16055   6   46000   14
29/11/2023   30246960   84.79   15:48:15   18:24:22   33687   88266   12   65667   12   43222   12
27/10/2023   54815159   25.37   12:14:21   14:11:15   90798   73174   19   33276   18   30220   14   83801   10   30796   14   81960   17
2/08/2023   61061535   44.29   9:57:8   12:50:43   14787   34066   3
24/08/2023   13731806   26.18   16:57:19   19:10:6   14787
21/08/2023   45914393   81.22   14:18:52   16:45:39   89213   31389   7   85865   6
23/02/2024   54815159   35.49   12:14:21   13:48:27   33687   53084   18   48244   7   68860   7   86158   9   47697   20   49685   14   80830   18
6/12/2023   99891737   52.58   11:10:13   12:41:33   50611   30220   1
6/02/2024   62126128   24.13   12:19:56   14:58:41   90929   16813   6   57505   5
27/11/2023   90367684   58.30   10:44:31   11:38:0   52063
19/08/2023   45914393   79.54   16:22:19   17:43:45   70612   15098   3   63555   2
29/08/2023   93961840   29.98   15:30:7   16:25:38   20189   92628   6
6/03/2024   31284904   88.17   14:34:0   16:8:29   30557   42053   3   61211   1   49644   1
17/03/2024   93282118   77.30   12:17:57   13:49:31   30557   68346   3
9/03/2024   32538825   4.44   16:40:27   16:47:53   80040   41379   18   42856   11   31883   14   43633   13   90300   6
1/04/2024   80694546   .00   13:20:32   16:9:11   33687   72969   10   16299   1   48039   4   79189   2   39088   15   72061   6
5/04/2024   15290194   9.49   16:4:17   16:18:52   70269   88994   2
2/10/2023   93961840   22.47   11:32:55   13:46:21   18708   30430   2   91282   1   17845   10   43222   14   86451   7
5/04/2024   77440060   39.11   8:31:9   9:27:42   53556   81062   20   27016   14   65985   13   32486   5   59395   7   34066   8   40645   6
1/09/2023   36934113   63.25   8:8:24   8:19:58   70367
27/11/2023   52313890   79.07   16:53:48   17:10:23   60049   85325   10   68610   4   48244   19   85865   8   68346   12   16813   19
17/08/2023   62126128   28.09   9:57:41   10:53:58   30082   19397   2   16813   17   84766   1   16299   3   36649   20   57505   10
15/09/2023   93939698   72.10   9:39:6   10:2:6   70992   57269   10   24522   14   91282   20   47734   15   36711   14
29/08/2023   22598563   6.95   14:52:19   15:5:37   70367   79851   4   16055   17   76596   4   86681   14
27/11/2023   62287143   29.81   12:33:38   12:40:19   53556
29/08/2023   36934113   20.23   15:56:2   16:37:10   50718
15/12/2023   61061535   14.49   9:9:27   10:21:54   64405
6/09/2023   15290194   11.46   11:54:55   14:38:28   80786   86158   19
12/02/2024   54815159   .00   9:42:51   10:26:4   14787   82469   12   65667   16   49685   2   76596   16   89528   10   26506   6
26/03/2024   93231760   42.13   8:53:45   11:12:58   25448   96881   2   86476   18   17645   1   72939   5   65985   10   49756   18   61295   10
3/04/2024   93939698   23.10   9:38:37   10:51:3   91509
20/08/2023   54149342   53.14   12:54:29   15:32:20   19777
6/02/2024   95656771   77.02   9:22:36   11:8:33   80063   81062   5   26506   8   43709   1   63555   19   88266   13   70024   20   48557   5
3/08/2023   95656771   59.80   15:38:49   16:48:28   64405   61508   13   58259   17   44253   14
6/08/2023   65912822   77.12   16:51:23   16:55:0   50718   77358   7   85865   7   64347   1   31189   9   34070   6
29/08/2023   54815159   38.99   11:22:49   14:8:46   60049   46000   8   59121   11   16813   14   70024   10   61211   2   52072   18   40862   6
14/12/2023   59596317   22.82   13:38:6   16:32:32   70992   39172   19   70950   20   65667   20   15098   9   55813   9   94459   16
6/12/2023   35852072   64.08   8:49:0   9:59:53   30557   80830   18
12/08/2023   12484697   76.71   15:26:9   16:13:12   80063   18672   18   70024   4   68346   18   63555   18   53166   11   60685   1
4/08/2023   54149342   2.07   14:50:34   17:7:6   19777
26/08/2023   58643376   65.08   8:26:42   8:53:56   91509   11370   3   68730   2   30007   1   26506   10   40862   8   46919   7   65667   17
3/04/2024   15290194   16.88   11:29:35   12:6:9   35451   34070   13   34027   13   83801   6   68346   13   30228   11   86828   3   28219   7
3/08/2023   59561864   19.72   8:52:3   10:8:24   33687   81062   19   74680   18
21/08/2023   45201670   7.40   13:23:15   13:26:31   60934   40997   2
4/08/2023   34697743   36.82   10:59:59   11:58:8   49768   88994   9   48039   5   90198   5
16/08/2023   68269451   .00   10:28:48   12:50:16   70789   30690   18   18672   12   16359   13   62008   5   37549   3   86158   14
29/03/2024   93231760   15.63   15:37:28   18:13:22   14787   34070   15   79851   17
16/08/2023   91187814   9.52   12:39:7   15:18:0   64405   91282   17   92517   9   16681   4   26484   15   70303   19
11/01/2024   37282858   3.59   16:23:36   19:6:13   70789
9/02/2024   72330000   21.72   9:38:13   12:14:3   25448   30430   14
29/08/2023   37282858   41.69   9:57:0   12:19:9   91509   67784   17   79996   8   70226   10   16299   13   17645   2   77534   5   48244   6
17/08/2023   94683380   68.98   14:18:37   15:14:57   90907   43709   16   88681   18   80830   1   88681   5
9/02/2024   72973662   28.00   13:22:18   14:0:16   70992   48039   6
20/08/2023   61061535   7.36   11:46:58   12:39:22   80138   55439   8   70024   9   73174   13   63555   17   34070   5   16299   2   57036   7
23/08/2023   35347567   63.25   15:16:31   16:33:45   14787
28/02/2024   62126128   2.70   16:46:47   17:56:47   80138   61295   14   94459   14   55021   16   31389   4
4/10/2023   81539774   79.80   13:5:39   14:15:25   70233   30430   6   60685   1   86828   15   60509   2   90300   10   70303   9
27/03/2024   27709566   46.81   16:55:49   19:55:11   89213
27/01/2024   43704548   43.49   15:34:34   16:2:24   50718   96031   5   48557   2   91282   3   25684   1   83510   11
6/08/2023   93282118   89.93   11:40:31   13:22:22   89213   64347   20   70226   1   28219   17   76247   2   31189   16
16/08/2023   52313890   68.66   15:55:58   17:16:24   80786   62008   7
27/11/2023   36934113   16.89   13:0:41   13:12:9   80040   96554   2   55813   7   77534   15   34070   10   48557   7
26/10/2023   93282118   37.73   13:54:51   14:36:3   91509   73972   15   84766   2   88681   13
16/01/2024   65912822   73.13   13:48:9   15:42:30   60049   28892   18
19/08/2023   68114999   68.40   11:12:19   13:32:56   50611   36622   16   53846   18   83510   7   58036   13   22553   6
26/08/2023   68114999   20.17   10:42:43   12:56:27   60049   45814   15   92560   3   22553   19   14075   2
17/03/2024   27709566   48.34   12:25:2   12:51:0   70367   57505   6   31189   17   49644   10
11/03/2024   49357767   2.55   16:15:17   17:15:12   33687   94429   5   42856   2   39088   11   70226   3
17/12/2023   59561864   6.79   15:30:2   17:3:27   50718
1/08/2023   93939698   48.80   16:27:39   19:16:44   80040   94429   3   60509   18
1/08/2023   93961840   5.67   11:41:15   13:41:4   52063   98679   5   68730   20   12388   19   77534   4   77534   16   42053   14
1/09/2023   72330000   1.89   12:53:39   15:5:31   70789   67784   11   28219   4   73972   14   43222   17   94459   20   79189   8   62302   17
9/02/2024   15290194   48.44   8:48:47   10:40:49   50718   31883   12
1/08/2023   62126128   5.76   16:44:4   17:3:29   70789   36649   5   86476   3   91653   19   31389   11   65667   3   11370   9   16681   7
18/08/2023   68269451   83.99   10:34:47   12:44:49   70612
11/03/2024   62287143   42.85   9:31:35   10:28:9   18262   96554   20
1/08/2023   81647285   64.29   10:36:28   10:57:19   90907   70116   17   11592   14   90198   2   81821   6   30228   15
21/08/2023   14956687   32.42   10:43:37   12:25:25   35451   22232   2   53084   17   77466   9
9/02/2024   51642949   64.89   11:31:11   13:34:34   64405   76247   17   70225   9   57269   17
9/09/2023   43704548   53.14   10:17:44   11:26:45   70233   58036   11   82469   14   96881   6   59395   1   81333   7
27/10/2023   17299012   46.44   11:15:0   12:11:43   70233   43222   10
28/08/2023   20371464   89.88   13:36:2   14:6:21   14787   86681   6
14/01/2024   63640178   44.67   10:24:38   13:14:27   80040
16/11/2023   13731806   63.80   11:0:52   12:59:8   60934
14/08/2023   15290194   8.12   12:33:40   12:57:33   80063
6/03/2024   22679759   53.04   13:37:28   16:22:35   14787   75565   7   12388   12
2/02/2024   36471787   6.96   8:16:7   8:33:21   19777   94459   14   26360   6   85865   7   65985   2   89325   13   79189   7
29/11/2023   93939698   2.94   13:46:31   13:50:17   80786
29/08/2023   30246960   1.04   16:19:54   16:30:57   64405   27016   4   34066   15   65536   13
14/08/2023   68114999   18.45   9:47:11   11:50:35   70367   81960   11   24522   18   48557   1
25/10/2023   68114999   89.26   8:12:17   10:29:2   35451   68539   18
26/10/2023   90367684   17.87   13:18:38   15:18:1   70612   77534   7   67415   14   68860   7   76247   7   22232   11   86681   6   49685   3
27/08/2023   62126128   1.55   13:13:7   15:4:45   80063   60888   5   22232   15   70226   14
6/04/2024   35347567   22.70   14:37:57   16:40:10   14655   61295   19   16359   20   58252   8   42053   6
23/09/2023   66091742   65.99   12:21:6   13:5:9   14655   26360   12   77358   18   86681   15   70116   2   16681   17
17/08/2023   51465986   77.09   16:21:42   16:42:3   25448   16055   19   68346   2   34070   17   37007   18   30428   7
12/02/2024   51642949   37.77   10:42:57   13:15:45   34115   61295   10
21/01/2024   22679759   31.73   11:25:31   13:34:17   50611   85865   1   86681   2   68539   8
25/08/2023   66039166   67.54   16:5:3   16:48:52   53556   61295   11   38648   13   89325   3   44215   1
9/08/2023   72330000   23.84   12:42:32   13:43:13   35451   53166   16   52072   14   39172   17   47697   20   92560   12   80830   20
23/08/2023   27709566   86.33   13:8:17   15:4:49   30557   65985   8   79996   13   48244   3   86476   8   55021   11   60888   1
2/04/2024   36471787   49.98   11:41:18   14:17:19   91509   39779   15   51148   3
13/09/2023   12484697   58.53   12:32:47   15:18:16   49768
5/04/2024   59596317   56.32   14:0:50   14:33:27   80786   22306   10   72495   18   49157   6   68346   15
25/10/2023   77324146   .60   15:33:25   15:34:32   70789   28892   4   86828   4   77466   13   54692   16
14/03/2024   41964357   37.20   11:31:45   13:10:42   89213
25/08/2023   68269451   70.79   15:30:18   15:31:58   91509   13364   12   93578   10   63555   6   41995   10   84771   7   80830   4   28409   11
4/08/2023   90367684   70.67   14:49:34   16:6:3   90562   73174   1
26/01/2024   85395219   3.70   13:21:43   15:32:26   14655   48557   8
26/03/2024   90367684   87.38   9:45:17   10:33:51   90798   36622   7
8/11/2023   13731806   54.35   11:19:32   11:20:28   50718   98679   13   31883   4   59121   20   57036   19
1/09/2023   68114999   16.85   14:14:0   14:14:43   14655
18/11/2023   32538825   25.56   9:3:50   9:37:51   60934   16681   16   83510   7   80839   20   30690   17   22553   20   41379   20   86476   15
29/08/2023   22598563   14.25   15:10:16   15:47:1   60934   60685   10   57505   20   94415   18   62302   4   28892   2   49644   17   16681   2
6/04/2024   20371464   73.21   15:17:3   18:1:2   70992   52072   4   43222   10   40862   9
27/08/2023   91187814   52.06   12:21:17   13:30:25   91509   88681   19   11370   3   12388   6   70225   6   94429   4
1/12/2023   77324146   4.16   12:32:34   13:1:10   60934   17804   13   67784   12   31883   3   22842   8
1/09/2023   59596317   61.41   14:47:5   16:55:33   30557   70116   9   33390   8   39779   10   81333   4   88994   19   31883   12
24/01/2024   45914393   56.00   16:48:3   19:14:41   64405
27/08/2023   51465986   45.31   13:30:48   14:35:43   90907   22553   10
3/04/2024   35852072   58.33   12:2:59   13:46:54   25448   33390   4   65667   14   26506   13   44253   17
27/08/2023   31284904   83.19   12:8:26   13:34:59   30082   32486   19   16299   10   70807   5   55439   19   40997   13   46919   11
16/12/2023   59596317   9.56   10:24:37   11:23:55   52063
26/01/2024   85395219   5.25   16:59:44   17:5:59   80040   28892   3   67415   15   53084   17   38648   5   81821   5   61295   5   42053   14
17/08/2023   62126128   89.53   13:55:59   16:2:41   90907   76360   6   16359   18   34066   10
22/10/2023   51465986   7.62   10:4:28   12:10:43   70233   70303   11   60685   9   33200   17   51148   20   84766   4   70303   2   68860   14
17/03/2024   35852072   33.64   11:0:19   13:47:54   70992   16359   1   67784   9   43709   1   49644   7
17/08/2023   71422479   59.59   8:18:40   10:48:24   30557
29/08/2023   93939698   6.57   14:30:27   17:2:41   15092   61295   9   84555   9
8/08/2023   13731806   18.45   13:57:16   16:39:33   18262   17804   5   22842   15   45814   19   55813   5   33311   12   53084   2
8/08/2023   13731806   87.86   14:5:18   15:55:32   50718   52072   15   70950   19   84555   19
27/11/2023   51642949   48.78   16:32:4   16:43:11   50611   58200   6   83801   7   60888   4
14/09/2023   86988155   48.91   10:38:0   11:40:51   40414   62302   8   60509   18
17/10/2023   62126128   1.86   16:25:48   18:56:0   14655   47697   10   42856   18   84766   6
23/09/2023   71422479   44.03   14:41:45   17:3:15   90798
5/04/2024   57182371   45.14   12:18:20   15:13:32   15092   48039   5
17/09/2023   30246960   84.00   13:32:43   16:25:21   70233   52072   6   61508   17   28892   4   79996   6
28/02/2024   22598563   3.89   16:25:0   18:7:44   70367   43709   4   84766   16   49756   5   48557   15   81333   20   11592   17
4/04/2024   81647285   60.95   10:42:53   11:2:46   40414   70950   3   55439   15   17645   13
11/01/2024   13731806   86.24   14:39:37   15:48:34   64405   61508   12
1/08/2023   62126128   73.62   16:51:34   17:24:42   60049   41403   13   26754   16   34066   20   82528   11   81695   15
3/04/2024   35606314   44.75   16:19:48   17:26:10   20189   45814   17   52072   1   64347   2
17/08/2023   36934113   86.89   15:19:37   16:49:6   80786   76596   17   24733   17   86451   1   62302   4   24522   2
2/04/2024   35606314   25.52   11:31:4   12:28:36   80138   60888   20   22306   1   60685   9
29/03/2024   20371464   50.96   13:34:41   16:26:29   89213   58036   1   16681   5   88681   4   39172   19   80830   10   49685   2
10/08/2023   12484697   66.25   13:12:46   14:24:10   50611   28892   3   93578   17   86451   3   14962   8   98679   12   94415   19   41403   15
5/08/2023   34697743   69.91   15:26:9   18:7:20   34115
12/02/2024   62287143   68.83   14:16:59   15:7:52   50611
6/03/2024   99891737   64.66   9:43:27   10:18:4   53556
26/10/2023   57182371   76.11   16:12:47   16:52:1   40414   41379   19
17/08/2023   28992638   6.37   13:1:10   14:18:36   19777
1/10/2023   93961840   34.45   13:18:30   15:45:43   40414   59395   20   19397   19   70116   15   16299   20   62302   12
15/08/2023   99891737   15.43   14:9:10   16:28:52   70233   86158   5   86158   5   38648   20   16359   2
22/08/2023   71422479   55.68   16:47:50   17:27:37   90907   49756   4
22/10/2023   51873364   74.88   15:4:27   15:44:28   80063   32486   4   70116   5   22842   19
3/04/2024   99891737   23.96   14:26:32   17:5:41   50718   17804   13   33390   4   70225   11   31389   20
29/12/2023   51873364   89.46   8:15:42   8:20:27   70367   16813   20   22306   9   72969   7   94429   8   26920   2   47697   8
30/10/2023   36934113   4.63   12:26:11   14:13:42   70612   74680   20   30430   19   30430   1   76247   20   31389   15
18/08/2023   62287143   62.23   10:23:21   10:46:17   91509
21/11/2023   57182371   4.43   10:22:44   11:50:8   15092   60086   6   70303   17
17/03/2024   54815159   22.66   13:58:23   16:44:48   53556   28409   5   77358   14   44215   16   76360   14   84766   1
27/01/2024   35606314   78.51   8:17:40   9:25:12   34115   30007   3
2/03/2024   58643376   60.56   15:13:14   18:7:54   34115   55701   10   61508   19   42861   14   53200   9
3/08/2023   66091742   43.65   14:21:11   15:26:9   90929   68346   7   30220   17   67415   7   97465   12   90300   11
4/04/2024   14956687   47.70   12:43:20   12:43:38   90907   60685   7   86681   14   65985   5   27016   19   57269   19   65985   14
19/08/2023   71422479   3.82   15:48:8   18:39:56   90929
15/10/2023   91187814   80.26   15:54:8   15:58:4   70233   22306   9   61211   20   47734   10
30/08/2023   93282118   37.82   16:53:21   17:38:30   90929   59121   14   31311   12   33311   8
17/03/2024   45201670   70.97   14:39:47   15:47:51   70789   41995   12   88266   9   68346   19
14/03/2024   90367684   63.09   14:57:24   17:16:19   52063
1/09/2023   86988155   2.09   11:33:40   14:28:32   18262   30220   20   79851   1   40645   9   60086   18   89325   12
16/08/2023   41964357   1.98   14:55:36   16:54:5   70233   76238   12   40997   1   95540   9   17845   8   28892   1   39172   10
11/03/2024   54149342   9.89   14:49:14   14:57:45   70367   14962   18   40645   20   53200   11   77466   14   28892   18   15098   4   53846   11
27/08/2023   58643376   22.58   11:0:53   13:25:58   80040
18/12/2023   51642949   15.22   9:6:48   9:45:58   30082   17804   10   58036   15   28992   2   16299   17   13364   18   52072   14   76247   14
29/12/2023   86988155   27.88   11:11:44   12:58:24   64405   53084   14   62008   2   42856   6   53200   20
26/08/2023   54149342   64.07   15:24:42   15:36:36   70789   72495   3   30690   17   17845   20
24/08/2023   13731806   5.26   16:21:39   17:42:49   80040   92517   2   81821   19   15098   10   68730   2   98261   7
17/09/2023   41964357   44.58   12:16:53   12:55:37   60184
24/01/2024   95656771   30.19   9:32:4   12:3:50   14655   31311   18   85325   15   40997   15   13364   10   30007   18   37007   17
22/11/2023   86988155   7.91   16:37:14   18:29:10   33687   42053   15   85325   18   55021   18
1/09/2023   30246960   1.34   15:20:30   15:36:32   53556   68860   9   76596   6   88266   9
1/08/2023   43704548   6.74   15:23:13   16:52:32   64405   96881   13   58036   16   61211   10
1/10/2023   20371464   73.53   13:12:11   14:49:19   80063   39779   8   86476   5   39172   4   31389   13
13/11/2023   93961840   54.83   11:34:31   11:52:31   80063   44253   9   88994   13   39779   19   82469   5   61039   14   98679   17   72495   3
26/08/2023   31284904   66.56   9:12:23   9:45:36   80786   60685   12   39172   5
26/08/2023   77440060   52.30   8:46:27   9:14:43   30557
17/08/2023   85395219   10.30   16:5:47   16:43:44   89213   84555   14   22306   15
30/08/2023   75100362   44.63   10:59:22   12:56:27   80063
1/09/2023   32538825   9.04   12:37:26   14:14:47   80138   73174   11   90300   8
4/08/2023   20371464   53.14   13:42:22   16:18:53   90929   59395   12   58252   3   34027   16
2/08/2023   92275859   4.87   8:0:16   9:40:50   70367   70024   3   57036   8   40997   9
30/08/2023   20371464   83.04   12:51:37   13:16:13   89213   33311   5   53846   1   55021   6   92560   8   26920   16   77466   6
13/09/2023   20371464   29.85   11:37:52   13:25:1   15092   12388   3   26360   7   26920   12   85325   10   53084   15
20/10/2023   62287143   71.43   15:26:33   15:27:36   15092
29/12/2023   85395219   4.30   12:21:37   12:49:28   18708   79189   13   27016   20   84766   1   40997   7   16055   3
22/11/2023   54815159   78.80   9:18:26   10:15:53   20189   89325   9
2/08/2023   80694546   63.64   15:24:0   15:27:15   80063
9/09/2023   99891737   30.92   13:10:54   13:57:3   70612   45814   18   44215   19   85325   15   85325   16   28219   14   33200   18   49644   12
17/03/2024   54149342   34.11   8:32:8   8:50:54   25448   74924   9   81960   2   22232   16   70225   17   36711   19
14/08/2023   45201670   62.42   14:17:57   15:12:17   15092
20/12/2023   45914393   34.99   10:42:31   12:57:47   70233   70024   14   49157   4   51148   3   77466   2   36711   8   67415   5   84555   14
12/08/2023   20371464   19.44   11:57:41   11:59:20   14787
4/08/2023   49357767   9.92   12:19:53   13:36:11   60184   95196   5   48244   3   90300   9   98261   10   70303   5   72495   1   28892   4
18/08/2023   61061535   24.86   16:12:7   18:13:8   89213
3/08/2023   54815159   65.68   12:44:31   13:53:17   14787
19/08/2023   35852072   35.85   10:19:5   12:27:38   70269   97465   7
13/08/2023   93961840   33.62   12:2:19   12:42:49   30557   28892   9   81960   15   86828   3   22232   2   76596   3   30690   20
19/08/2023   72973662   35.72   12:8:41   13:16:36   40414
17/11/2023   31284904   17.93   13:44:2   15:54:9   90929
6/02/2024   93961840   5.71   16:50:51   18:25:0   60049   36711   7   81821   12   11370   11
9/08/2023   15290194   59.53   12:51:33   14:6:50   18262   49685   8
6/02/2024   85395219   35.85   9:31:54   10:59:22   90929   15098   10
6/09/2023   94683380   35.88   9:27:38   12:11:20   60049   37007   18   68346   8   34070   8   65985   18   60888   3   32486   10
1/10/2023   71422479   87.07   10:38:52   12:45:46   18708   39779   1   77466   2   96881   19   41995   10
1/04/2024   34571095   29.25   16:28:50   17:7:56   90562   48039   4
19/09/2023   93282118   16.57   14:55:0   17:23:1   15092   92517   15   60509   14   76596   14   24522   10   39779   10   68860   4   49644   18
30/08/2023   54149342   69.96   8:9:18   10:37:57   33687   64347   4   13364   14   70303   2   96031   8   92517   15   70113   18   48244   8
9/02/2024   37282858   3.68   13:1:44   13:13:22   70367   38648   13   70113   6   59121   13   17645   2
16/01/2024   81647285   5.92   10:42:40   12:36:22   80040
20/08/2023   77440060   24.25   12:58:28   14:32:11   70269   90300   13   61295   7   28992   9   89528   8   27016   20
9/03/2024   54149342   47.82   12:40:5   13:1:26   35451   26506   4   30430   13   60685   7   53200   14   27447   20
29/08/2023   80694546   46.13   8:37:56   11:16:51   19777   40645   12   70950   13   57505   10
29/08/2023   15290194   76.83   16:53:35   18:59:37   80040   58259   17   43222   18   96554   1   68610   2
22/12/2023   53420926   37.85   14:23:8   16:12:11   60049   57505   18   86828   16   61508   6   85641   18   26360   8   91282   3   68610   13
2/04/2024   99891737   45.75   14:23:20   15:10:59   15092   63555   16   64347   3   53166   2   16813   10   55021   8   72939   10   70225   4
14/12/2023   35852072   88.82   8:43:1   9:25:9   53556   55021   17   92628   16   12388   11   34027   9   42861   11   43633   19
17/08/2023   52313890   29.69   10:44:35   12:32:19   30082   82469   19   90198   12   88266   20   72939   3   31389   17   73972   17   95196   3
4/12/2023   36934113   29.01   12:56:26   14:12:3   34115   73174   2   68730   7   59395   14   33311   19   67415   2   53166   4
16/02/2024   51642949   67.33   12:52:1   13:49:4   30557
3/08/2023   51642949   80.27   8:15:17   9:37:46   90907   95196   7   48039   4
13/09/2023   37282858   21.07   14:49:4   17:23:11   50611   16681   19   81821   5   91282   14   79996   5   70113   19   61211   4   55439   12
29/08/2023   61061535   77.73   15:36:41   15:46:12   80063   59121   18   28992   19   49157   13   76247   20
29/03/2024   51465986   60.21   8:48:21   10:44:16   49768   65985   16   83510   19   70116   4   82469   2   30428   8
1/12/2023   27709566   9.20   10:9:16   11:35:16   53556   76238   8   73972   11
3/08/2023   51873364   5.50   12:8:12   13:43:11   80040   31883   16   11592   19
13/08/2023   86988155   5.34   9:25:31   10:0:47   80786   36622   12   38648   15
26/08/2023   72330000   42.72   10:10:44   13:2:44   15092   32486   1   72939   3   53846   16   28409   2   33200   12
22/11/2023   77324146   .64   14:20:56   14:39:28   90562
29/12/2023   72973662   15.09   10:37:21   11:14:11   70992   30796   19   88994   7   28992   9   61508   20
29/08/2023   93282118   30.85   12:40:25   14:38:43   20189   82528   13   28409   8   26920   1   14075   11   33311   15   16681   19   53166   16
11/01/2024   35606314   88.99   16:51:1   19:40:24   33687   88994   6   77466   1   41995   18   57269   17   39172   17   72939   1
27/03/2024   77324146   69.45   8:48:46   9:53:23   70992   53084   3   22842   9   85865   8   70303   16   14075   18
17/09/2023   90367684   63.09   11:10:34   13:32:3   90562   37007   17   95196   8   96031   2   68346   9   70807   13
20/08/2023   32538825   89.31   14:49:59   16:4:1   80138   34066   12   88681   17   32486   13   24522   16
17/03/2024   65912822   10.37   12:19:32   14:39:23   30082   70303   19   73972   17   73972   5
14/03/2024   81647285   17.56   13:6:37   14:57:18   14655   84771   10
16/08/2023   93231760   53.11   13:1:54   14:41:43   70233   58200   9   46919   6   30428   18   18672   15   40862   14   53200   4
17/09/2023   54815159   6.30   8:43:39   10:53:42   33687
1/09/2023   93961840   31.93   9:3:45   12:2:58   89213   32486   19   16359   18   34070   13   68346   16   26754   13   26484   11
14/01/2024   12484697   8.40   13:31:10   14:0:16   90929
1/02/2024   94683380   79.03   11:25:3   11:25:53   60184
29/11/2023   20371464   17.44   10:36:59   13:29:7   70992
2/10/2023   49357767   16.99   16:48:25   17:59:43   70789
30/08/2023   80694546   39.73   10:25:24   12:27:50   89213   65536   4   55439   10   30690   8   95540   8   26360   11   18672   2   81695   9
1/08/2023   68269451   38.85   12:5:5   12:54:22   50718   36649   17   16681   14   42861   3
