250612    58897610    22.64
810557    22143644    22.94
453687    27718059    23.95
350118    22143644    14.76
270040    25650475    13.43
707842    64644939    10.40
870138    29366832    20.41
644596    76471783    7.06
811509    98031819    13.47
644596    61238188    24.80
230184    53881953    19.92
644596    27718059    6.13
800384    45787791    5.30
530367    77414330    10.54
130082    70268805    15.58
378708    98036560    19.81
742063    95654030    6.18
514787    88642298    24.42
690189    88314411    10.24
800384    73748921    24.91
710789    27757101    9.94
250612    94305823    21.95
919777    64644939    3.83
320934    19305528    23.79
690189    92923724    12.84
378708    72821103    7.23
644596    84685156    23.51
270040    76471783    23.92
980233    94305823    3.24
230184    18864372    0.24
348262    95654030    13.99
640279    34123560    12.46
514787    16347936    17.42
690189    11282107    3.44
810557    98036560    16.42
800384    47777291    8.87
340444    89015978    11.45
811509    83310207    16.67
756733    92923724    9.98
270040    17723698    12.96
348262    88642298    10.70
530798    92923724    1.70
584115    72821103    3.41
810557    29366832    7.92
140158    24738433    2.38
730269    58897610    11.80
348262    23862163    7.91
411592    74962583    15.31
230184    16347936    13.92
275448    15025361    24.86
530798    46667916    5.47
811509    47777291    7.61
270040    39435422    19.13
543556    36403547    9.02
140158    23287983    14.43
919777    87725049    7.29
584115    98036560    14.82
270040    33763303    24.84
270040    40730103    8.26
490454    25650475    22.20
370929    40730103    11.39
320934    16347936    1.81
584115    70268805    17.37
340444    72821103    5.92
270040    25650475    15.93
644596    64644939    4.45
350118    91275921    5.36
270040    87725049    24.15
530798    39435422    21.86
870138    95654030    16.90
510907    34123560    24.62
742063    29772611    19.55
644596    30723979    1.55
220562    68521386    21.18
919777    80324796    18.13
710789    12583928    2.38
349213    88314411    15.03
710789    78845169    5.11
543556    72821103    15.97
811509    39435422    15.29
340444    61564666    22.35
378708    73932723    19.71
710789    86304371    15.39
230184    80861409    18.95
644596    17723698    19.41
247769    71662995    1.34
690189    40730103    3.72
584115    72895120    21.01
514787    12583928    0.06
220562    61834025    0.10
378708    92923724    4.75
490454    68521386    10.12
350118    24738433    17.00
350118    88642298    18.09
919777    45787791    12.72
220562    65918368    8.16
584115    39294590    24.10
584115    77753141    22.23
756733    39435422    13.13
220562    22143644    8.24
742063    33763303    10.18
800384    73932723    4.86
230184    47777291    19.10
810557    45063992    17.17
370929    65918368    14.47
690189    83310207    6.19
510907    33763303    19.86
644596    53881953    16.51
756733    46667916    6.91
870138    42620846    10.23
510907    16795834    19.37
349213    57781072    16.67
220562    46667916    5.39
380049    94351621    23.09
980233    31593549    14.19
378708    45646952    17.13
690189    77753141    1.26
275448    23287983    8.41
543556    91275921    21.85
275448    27718059    2.23
584115    94305823    21.68
756733    98031819    8.82
378708    78781192    23.23
530798    71662995    2.76
220562    24738433    3.05
980233    61564666    2.97
980233    80324796    6.72
140158    88314411    3.26
250612    24312298    18.47
370929    78845169    3.27
247769    34123560    13.01
800384    71662995    15.93
543556    80324796    14.06
230184    12862077    10.92
130082    78781192    10.67
270040    12583928    1.73
543556    34123560    9.34
220562    78845169    10.77
348262    28697286    2.85
270040    70268805    12.40
810557    34123560    3.11
350118    88275746    9.64
742063    81864733    24.97
275448    33763303    9.78
247769    69495546    23.36
742063    71662995    8.91
230184    72895120    21.10
800384    87725049    15.90
140158    95654030    2.95
543556    17723698    19.73
320934    83310207    22.86
810557    94305823    1.82
800384    63108513    1.20
130082    74930374    16.27
919777    27718059    7.71
350118    61834025    8.76
870138    19305528    3.71
870138    25650475    8.73
140158    45787791    10.33
411592    69495546    16.15
378708    12862077    14.15
140158    88463100    2.35
510907    75274398    8.00
453687    88275746    19.60
349213    42620846    10.99
130082    23862163    5.87
800384    84685156    2.75
710789    42620846    21.51
710789    29772611    23.81
350118    61564666    20.83
810557    18577696    13.56
275448    39290027    23.19
230184    71662995    23.23
250612    68521386    18.93
348262    27718059    3.97
340444    39435422    19.79
250612    77414330    5.33
640279    72821103    15.01
530798    49928654    1.11
811509    62122326    9.80
140158    82363466    12.19
543556    61834025    8.47
378708    12583928    4.62
707842    94351621    10.08
980233    16347936    21.34
411592    71662995    2.51
543556    98036560    20.09
340444    81864733    1.08
690189    61833853    17.35
230184    11282107    1.96
349213    83310207    8.99
220562    45646952    15.45
810557    30985360    19.96
370929    24738433    23.03
453687    67152643    8.23
340444    12583928    13.81
140158    69495546    10.48
644596    61833853    24.69
349213    74930374    11.79
380049    88314411    5.90
130082    42620846    18.54
411592    94305823    10.41
230184    73932723    5.76
584115    30985360    6.48
919777    98036560    14.19
230184    13613697    0.74
247769    67152643    19.87
350118    81864733    5.02
690189    23287983    10.59
247769    94351621    22.06
380049    23287983    18.29
870138    34123560    18.91
348262    13051900    7.95
130082    19305528    9.10
800384    18577696    8.81
370929    39294590    3.22
980233    83310207    20.89
730269    31593549    19.18
220562    13613697    1.19
270040    39294590    22.01
811509    74962583    14.83
270040    77753141    9.78
340444    64644939    0.13
250612    29772611    17.32
530798    64644939    19.11
811509    77414330    10.73
530367    40816428    3.40
800384    39435422    0.83
810557    61834025    22.37
800384    39294590    23.64
130082    91275921    3.37
980233    56279744    12.01
584115    15025361    6.96
378708    46667916    23.23
710789    24312298    3.46
453687    92923724    23.00
510907    18864372    12.98
514787    18864372    5.72
530367    77689871    20.78
644596    62122326    0.64
690189    89015978    7.87
320934    63108513    3.52
811509    95654030    21.86
140158    28697286    2.23
811509    31593549    24.03
340444    45646952    20.25
707842    45787791    21.03
230184    86304371    24.82
230184    19687930    14.59
340444    74930374    24.63
644596    67152643    21.52
378708    73748921    12.71
640279    19305528    16.44
250612    98031819    4.14
130082    53881953    3.99
530367    95654030    22.91
644596    23287983    15.24
980233    23862163    0.97
140158    88275746    17.94
584115    13613697    22.10
411592    39290027    21.88
710789    49928654    22.56
340444    24312298    23.86
320934    18577696    24.34
411592    24312298    19.83
