2023-2    20231938    481203    375219    231286    231292
2021-2    20202031    109263    231270    481203    109263
2022-1    20212697    481203    109239
2023-2    20217328    109250    109220    481208
2021-2    20216619    375218
2021-2    20197480    109246
2023-2    20225162    481218
2022-2    20197378    231206    231270    109239    231206
2023-1    20208175    109238    109246    231292    231269
2021-1    20202756    481208    481220
2023-1    20198237    231292
2022-1    20193769    481218    375218    481218    375218    109282
2021-2    20235440    231269    109245
2023-1    20198069    109245    109239    481229
2021-2    20236102    109282    109238    481230    481208
2022-2    20219566    481230    481239    375241    231209
2023-2    20198237    109250    109245    481248    375219
2022-1    20197374    109220
2021-2    20226271    481247    109248    481218    481227
2023-1    20209968    109263
2022-2    20208971    375241    231283    109250
2021-1    20229272    481227
2022-2    20224165    481239    109239    481248    481248    481230
2023-2    20216619    231292
2023-1    20221873    109238    109246
2022-2    20218255    109246    109246    231292
2022-2    20227341    481239    231269    109281
2021-2    20208175    109250    375241    231206    231283    481220
2023-1    20231152    109248    481227    375781    481229
2023-1    20193012    481218
2021-1    20231938    109263    109281
2023-1    20197557    109282
2021-2    20208940    481219    375218    231373    481248    481220
2022-1    20193984    231373    109239    231286    109250
2023-1    20198845    231286    481227    481208
2022-1    20209968    481230    231270    481227
2022-1    20208971    109282    109220    481218    109246    481220
2023-2    20215248    231292    481230    375781    375781    109282
2023-1    20225162    231289    231283
2021-1    20192298    109281    481227
2021-2    20195244    481218    109248    481248    481218    481220
2021-2    20207053    481218    231209    109281
2023-2    20196245    231269
2021-2    20225162    481218    109250    109250    481219
2021-2    20193984    231206    375241    481208    481248    481247
2021-1    20221316    231286    109250    231283    109248    375219
2022-1    20229272    109238    109248    109239    375218
2021-2    20202687    481247    109248
2021-2    20198434    481219    231209    109245    109281
2023-2    20193490    231286    481229
2022-2    20221316    375219
2023-2    20216298    481247    481247
2021-1    20205844    481239    231283    231289
2023-1    20233583    481229
2022-2    20236905    109250    231269    481227    109246
2022-1    20235440    231292    109263    231269    109245    231269
2022-1    20194050    375241    231283
2022-1    20226271    481227
2022-2    20236102    109220    109281    109281    375241    231373
2021-2    20195764    109238
2022-2    20216619    375781
2023-1    20202687    109282
2023-1    20193769    231373    109250    109282
2022-2    20193490    375781
2022-1    20197378    481247    481227    231373
2023-1    20196536    231209    375218
2023-1    20221316    109282
2021-2    20227341    481218    109248    481247    481248    109250
2022-1    20238246    109250    231209
2021-1    20226455    109250
2023-1    20236905    481219    481203    481230    109282
2023-1    20229400    481203    481227    481230    231373    481219
2021-2    20229400    481208    481219    481230    231270    109263
2023-2    20196536    481203
2021-2    20198608    231209
2021-1    20195979    231209
2021-1    20207053    109248
2022-1    20193012    231292    231209    375219    481248    481227
2021-1    20198922    375218    481239    231269    109245    231373
2023-2    20221316    231289    109245    481208
2023-2    20193012    481203    375241    481219
2022-1    20213075    231289
2022-2    20193769    231283    375219
2021-1    20236453    231286    231209    481203    109248
2023-2    20198069    109220    375218    109248
2021-2    20236453    231206    481239    481230    231209    109245
2023-1    20197374    481248    231373    231206
2021-1    20202031    231269    481220    109245
2022-1    20205844    109239    109245    481218    481208    231206
2021-2    20236905    231373    109282    109263
2021-1    20195764    109248
2023-2    20193769    109220    481219
2021-2    20222575    481227    231206    231373
2021-1    20202687    481230    375218    375781
2021-2    20193490    231373    231269    481220
2022-1    20202687    109281    375781    481227    109282    231373
2022-2    20193012    481248    231286
2022-2    20205830    375241    109248    375218
2021-2    20224165    231270    481208    109282
2022-1    20192298    481218    481227    231206
2021-1    20236102    481248    109238    231292    481248
2021-1    20193373    481248    231206    109281
2021-1    20224165    231292    109220
2023-1    20197155    231206    481239
2021-1    20195340    481247
2023-1    20192298    109238
2023-2    20218376    481239    481203    481248    109263
2023-2    20229400    481203    481208    375241    231270    231289
2021-1    20237059    109250    375219    481230    109239
2023-2    20239652    481230    109281    375219    481248
2022-1    20238549    481203    481239    375219    109250
2022-1    20215248    109220    109250    375241    481203
2022-2    20198845    109245    481230    109245    481239    109282
2021-1    20198434    481239
2023-1    20193373    481208    375241    231292    231292    481218
2022-1    20191754    481219    481203    109282    481230
2022-2    20198922    109250    481230    231209    231283    481218
2022-1    20233583    231289    109239    109248    109250    231289
2023-1    20213075    481230    231286    481247    375241    231206
2023-2    20202031    481208    109248    109246
2021-1    20211892    109281    375218    481208    481229    481203
2021-2    20198922    375218    231270    109263    481230
2021-2    20197557    481239    481220    231206    481239
2021-2    20205864    109282    375218    231206    231206
2021-2    20202756    109246    231206    231270    109250
2023-1    20193891    481229    375241    481248
2022-2    20208175    109250    375218    375781    481203
2021-2    20205844    231373    481227    231269
2021-2    20198069    481248    231286    481218
2021-1    20227724    231286    375781
2022-2    20195979    481247    375781    109246    109281    231292
2022-1    20198237    481208    231286
2023-1    20224223    109281
2022-1    20207741    109246    109250
2021-1    20238246    375781    481208    231270    109263    109238
2022-1    20218679    109246    231286    481219
2023-2    20195244    375781    231373    231270    109239    231373
2023-2    20222575    109250    481203
2021-2    20217328    231283    109245    231269    109250    109220
2022-1    20193490    375241    481227    231269    481227    109245
2022-1    20197480    109250    481247    109281    109263
2023-1    20195340    231270
2021-2    20239652    481208    109263    231209    109250    375218
2023-2    20202687    481220    231373
2023-2    20209968    481218
2022-1    20202756    109239
2022-2    20193891    375219
2023-2    20236102    375218    231292    375219
2021-1    20197378    481229    481248    231292    481208
2023-2    20202756    231270
2023-1    20238246    481219    481208
2022-1    20233816    481247
2022-1    20195244    109250
2022-1    20207053    481220    231206    109263    109248
2021-2    20221316    375781    109250    231292
2022-2    20227724    481227    481203    231270    481227    109239
2023-1    20238549    481229    231269    109239
2023-2    20236453    231206
2022-1    20193373    231292    481219    109282    109238    231286
2021-2    20226455    109248    481247    481239
2021-1    20218376    481218    481220    481239    109238    231269
2022-2    20215248    481219    375219    481239
2023-2    20207053    481218
2023-2    20194050    231373
2021-1    20222575    109281    109282
2022-1    20218376    231286    231206    109250    109281
2022-2    20194050    231283    231286    231286
2023-2    20236905    109246    481229    109239    481229    481220
2022-1    20225162    109246
2022-1    20218255    481229    231270    231373
2022-2    20213075    109245    231283    109281    231269
2022-2    20196536    481219    481230
2022-1    20198845    231270    109239    231206    231206
2023-1    20227724    231373    481248    109263    231269
2021-1    20208175    481247
2021-1    20236905    481220
2021-2    20229272    109282    109250    481219    109263
2022-2    20226271    481219    481248
2023-2    20197155    481248    481227    231286    109220
2021-2    20195979    481239
2021-1    20198845    109263    231269    231373    231206
2022-1    20198069    231373    231209    231283    481230    375218
2023-2    20238549    481229    231283    481239
2022-2    20236453    481229    109250    375219
2023-2    20208971    231373
2022-2    20233583    231269    109238    481227    231286    375218
2021-2    20211892    231289
2021-1    20219566    109250
2022-1    20229400    481203    375241    109238
2021-2    20224223    481219    481208
2023-1    20207741    109248
2023-2    20197480    109248    231283    481208    231373
2022-2    20225162    481227    109250
2021-1    20218679    231209    231270
2022-1    20197557    231209    481208    109238    231283
2023-1    20233816    231289    109246    481203
2021-2    20213075    231373    109263    109250    481203
2022-2    20212697    109282    231286    109281    481247
2021-2    20191754    481218    375218    231292
2023-2    20218679    375241    481229    481208
2023-2    20205864    231270    481208    109246
2021-1    20227341    231206
2021-2    20205830    481239
2021-1    20193573    375781
2021-2    20197155    109220    231269    375218
2023-2    20219566    231286    375781    109282    109238
2023-1    20196245    231283    375781    109220
2022-1    20226455    109220    109246    481239    231289    481218
2021-2    20193573    109246    231206    231269    109245
2021-1    20193012    481203    231292    109238
2021-1    20196245    231286    109263    481218
2021-1    20197155    481229
2022-1    20217328    231373    109220
2021-1    20205864    481247    109220
2021-1    20193984    231292    481247    481247
2023-1    20239652    231206    231292    109246    481218
2022-2    20195244    231283    481230    481227    481218
2021-2    20233583    481227    109282    109239    375241
2023-1    20226271    375241    109239
2023-2    20198608    231286    481220
2023-2    20224223    481208
2021-1    20194050    481208    375218
2021-1    20197374    481230    231292    231209    109248    481208
2021-1    20191754    481248    109250    375218    375241
2022-2    20216298    481227    481239    231289
2022-2    20237059    375781    109263    375219    375241    375781
2023-1    20235440    231283    109220    231283    109282    109250
2023-2    20233583    481220    375241    375781    231270    109239
2021-2    20207741    481227    375241    481218    481227
2021-1    20209968    481227    481218    109246
2022-1    20231938    109281    109263    481227    375781
2022-2    20238549    109239    481239
2021-1    20224223    109263    481220    481239    375241
2022-1    20227724    481229    231373
2021-1    20212697    231206    231292    481230
2023-1    20212697    109238
2023-1    20219990    109281    375781    109281    109282    231283
2023-2    20197557    109239    481208    375219    109282
2022-1    20236453    481218
2021-1    20208940    109248    231270    109245    109248    481248
2023-1    20207053    109220    231292
2022-1    20222575    231289    109263
2022-1    20202031    481208    481248
2021-1    20205830    231286    481219    231270
2022-1    20216298    481247    231289    109239
2023-1    20195979    481220    109263    481229    231206
2021-2    20218255    375219    375218
2021-2    20197374    109245
2021-2    20196536    481220
2023-1    20202031    231209    109281    109248    231209    109238
2022-2    20198237    231292    481239    375218    481220    375218
2022-1    20196245    109220    109281    231269    231206    481239
2021-1    20193490    231206    481229
2023-2    20205844    481248    231289    231292    231269    109245
2021-2    20218679    481220
2023-1    20217328    109220    231373    231206    109220
2022-2    20231938    481248    231289
2022-2    20195340    231209
2023-2    20207741    109281    481230    481219
2022-2    20238246    481219
2023-2    20193573    375218    109220
2023-1    20229272    231206    109239    231289
2021-1    20207741    231289    481239    481227    481230    109281
2023-1    20218376    481203    109220
2023-1    20231938    109238    109246    109245    109220
2023-1    20219566    375241    231209    481239    231206
2021-2    20192298    231286    109238
2022-2    20218376    109281    481229
2022-1    20198434    481247    109263    481208
2023-1    20218679    375241    109245    231286    481247
2023-2    20191754    109281
2022-2    20193573    231283    109239    481220    231209    109263
2021-1    20208971    231270    231269    109263    109281
2021-1    20221873    109238    231289    481218    231286
2022-2    20197557    109238    109220    231373    481208    231283
2021-1    20238549    109220
2021-2    20231938    481230    109238    231206    231286
2023-1    20205844    375218    231373    109250
2022-2    20205864    481239    231286    481208    231209
2021-2    20197378    109239    481248    231286    481248
2023-2    20218255    231283    481239    231270    109246
2021-1    20215248    231292    109248    481219    231270    481203
2023-1    20208940    109220    375781    231283    109239    231283
2021-2    20216298    109281    231289    481203
2023-1    20224165    375218
2023-2    20192298    375781    481203
2021-1    20218255    109220    375219
2023-2    20229272    481230
2023-1    20191754    231209
2023-2    20221873    481248    231283    231292
2023-2    20224165    375241    481219    375241    109281    231206
2022-1    20237059    481247    109246    481219
2023-1    20193573    109250    231292    375218    109220
2022-1    20224223    231209
2022-2    20224223    481239
2021-2    20218376    481247    109281    375241
2022-2    20207741    231209    109245    481227    109248    231270
2023-2    20233816    109282    109245
2023-2    20198845    375241    481220    109239    109238    375219
2021-2    20194050    481220    481219    109245
2023-2    20193373    481248    481247
2023-2    20193891    481208    481247
2022-2    20197155    481219    109263    109250
2021-2    20198237    231286    231292    109250    109250    231270
2023-2    20197378    109248    481229    481218    109263
2023-2    20195764    109263    231269    481248    231286    375781
2021-1    20229400    231286    481227
2022-1    20195764    481218    481227    109250    109220    109245
2021-1    20239652    481218
2021-2    20215248    481230    481227    231269
2023-1    20226455    481229    481229
2022-1    20196536    375218    481229    375219
2022-1    20211892    481230    109263    481239    231270    481247
2022-2    20226455    481248    109250    109238    375218    109246
2021-2    20196245    481227    109263    481247    375241
2023-1    20197480    231283    481227
2023-2    20219990    481229
2021-1    20198608    109238    375241    109246    231270    231286
2023-2    20227341    231289    481229
2022-1    20195979    481208    481230    375241    481248    481220
2023-2    20226455    375218    231283    109245    481247
2023-2    20235440    375781    481227    481218    231292
2023-1    20237059    109245    109245    109238    481220
2023-1    20193490    231270    109282    481220
2022-1    20208175    109246
2021-2    20193373    109245    375241    109220    231269
2023-2    20205830    481220    231270    481239    109239
2021-1    20235440    231206    109248    481239
2023-1    20236453    109282    109246    481227    109245
2021-2    20231152    481220    481239
2021-2    20212697    481219    109263    375781    231286    481219
2023-1    20193984    109238
2023-2    20212697    375219    375781    481248    231292    231209
2023-1    20215248    109239    231373
2023-2    20197374    481220    481239
2022-2    20222575    109248    109245    375781    231292    481203
2021-2    20208971    109263    481220    231283    481227    481247
2022-2    20219990    109250    109238    109239    375781
2023-2    20237059    481248    375781    231292    109239
2021-1    20216619    375218    231270    231373
2023-1    20202756    109246    109281    231270    231206
2022-1    20221873    231270    231269
2023-2    20198434    109263    481220
2022-1    20219566    375218
2021-1    20219990    231209    481208
2023-2    20231152    109245    481218
2022-2    20195764    481208    481220    109250    481220
2021-1    20233583    109239    109282    481230    481230    231286
2022-2    20193984    109263
2022-2    20193373    231269    109220    481220    481220    231286
2021-2    20237059    231270    481230    109281
2022-2    20209968    481230
2021-1    20193891    481229    481203    109263    109238
2021-2    20193769    231270
2022-1    20224165    481230    231289    109220    231373
2023-1    20195244    109263    481239    375781
2022-2    20198608    109263
2022-2    20202756    109220    109282    231283    481220
2023-2    20208940    481230    109281    231206
2021-1    20225162    481220    109250
2022-1    20219990    231209    481230
2021-1    20197480    375219    231270    109281
2022-1    20193573    231206    231373    481227    481220
2023-2    20227724    109248    231206    231292
2022-1    20198608    231292    109250
2021-1    20198069    375219    231292    109250    481227    109238
2022-1    20195340    481248    375219    481218    231269    231270
2021-2    20233816    109245    231283    109245    109246
2021-2    20221873    109245
2022-2    20235440    231206    231292    231289    231373
2023-1    20197378    231289    231206    231373    231209    375241
2022-2    20233816    109220    231286    481219    481247    481229
2022-2    20229400    109281
2022-1    20205864    231289
2022-2    20217328    231283    109246
2021-2    20209968    481227    109220
2023-2    20226271    481208    375781    109281    109238    231373
2021-1    20193769    481219    109263    109246    109263
2021-2    20219566    481208    375219    109282    231283    109250
2021-2    20227724    481208    109250
2021-2    20195340    109250    231373    481227    231270
2021-2    20238549    481230
2023-1    20195764    375241    109239    481218
2021-1    20233816    109238    231209    481229    375781
2021-1    20216298    481208    231283
2021-2    20193891    481220
2022-2    20198069    231373    231289    231292
2023-1    20198922    375219    231269    231286
2022-2    20198434    231270    481220    481229
2021-2    20238246    231286    481247    231270
2022-2    20197374    109239    231373    481220    481239    481239
2023-2    20195979    375219
2023-2    20208175    481248    375219    481219
2022-1    20208940    231209
2023-1    20216619    109220    481230    375241
2021-1    20226271    481229    231206    231292    109281    109239
2021-1    20196536    481219    481220    109282    109282
2021-2    20219990    481219    375218    481247    481208
2022-1    20236102    481203
2022-1    20205830    375781    481247    109282
2023-1    20236102    109248    109220
2022-1    20227341    375241    109220
2022-2    20196245    481203    481203    481219    481227    375781
2023-2    20211892    109282
2023-1    20216298    109263    231283    375219
2022-2    20202687    231373    231286    481248
2021-1    20198237    481220    481230    481227    481227    375218
2022-1    20239652    231289    231292    231206    481219    481227
2023-2    20238246    231373    481220    481239    109263
2023-1    20198434    375781    231270
2021-2    20193012    109220
2023-1    20205830    109246    231206    109238
2022-1    20193891    481247    375241    231209    231283    231209
2022-1    20197155    231373    375219
2022-2    20191754    375218    231209    481229    109239    109263
2022-2    20229272    481227    109282    375219    375781    481219
2021-1    20197557    375241    231206
2022-2    20218679    109282
2023-1    20218255    109250    481230    109281    231292
2022-2    20207053    109220    375219
2021-2    20198845    481220    231206    231269    375241    231292
2022-2    20197480    375219    375219    231283    231292
2023-1    20198608    481218    109238    481239    231373
2022-1    20216619    481247
2023-1    20205864    231269    481247    109239
2021-1    20231152    109250    109246    481219    231283
2022-2    20208940    481229    231270
2022-2    20231152    109220    109246    109220    375241
2023-1    20208971    231209    109238    481227    109245
2023-1    20211892    231286
2022-2    20205844    481248    375219    231286
2023-2    20195340    109239    109239    481203    231270
2022-2    20221873    109245    231373    481229
2021-1    20213075    481227    231269    109282    109246    109248
2022-1    20236905    109250    231292    481247    481208
2023-1    20227341    481219    481218
2022-2    20202031    481227
2023-1    20222575    481220    375219
2022-2    20239652    231373    375241
2022-1    20231152    481218    231270    109248    375781
2023-1    20194050    231283    231292    231286    231373
2022-2    20192298    109220    481208
2021-1    20195244    109245
2022-2    20211892    231269
2023-2    20213075    481247
2023-2    20198922    109250
2022-1    20221316    481208    375219    481219    231206
2022-1    20198922    481247    481247
2021-1    20217328    375218    481230
2023-2    20193984    109282    231270    481248    109245

