                                  CONSOLIDADO DE STOCKS DE PRODUCTOS POR ALMACEN
                                         DEL 01/01/2023 AL 30/05/2023
==============================================================================================================
ALMACEN: 10001
--------------------------------------------------------------------------------------------------------------
PRODUCTO   STOCK INICIAL   INGRESOS   SALIDAS   ENVIADO A ALM.   RECIBIDO DE ALM.   STOCK FINAL   OBSERVACION
--------------------------------------------------------------------------------------------------------------
  98824        82              0         0            0                 0                82        
  97340        2333            0         0            0                 0                2333      
  95819        571             0         0            0                 0                571       
  94310        2315            0         0            0                 0                2315      
  92819        162             0         0            0                 0                162       
  86545        2099            0         0            110               110              2099      
  85293        643             0         0            261               0                382       
  83464        59              0         0            0                 0                59        
  78931        1033            0         0            0                 0                1033      
  76402        2687            0         0            0                 0                2687      
  74543        2397            0         52           0                 82               2427      
  73510        1813            0         0            214               0                1599      
  72450        2023            492       0            0                 0                2515      
  71509        673             0         0            0                 0                673       
  70604        27              0         0            0                 0                27        
  70351        179             0         0            219               147              107       
  68474        140             0         0            0                 0                140       
  66721        1711            0         34           0                 0                1677      
  66435        606             49        57           0                 0                598       
  61460        2700            0         0            0                 0                2700      
  60829        1049            0         0            0                 0                1049      
  58204        2899            251       0            0                 0                3150      
  57409        229             0         200          0                 0                29        
  55888        186             0         0            0                 196              382       
  55401        500             0         0            0                 0                500       
  52703        1917            0         0            0                 0                1917      
  46549        502             0         59           0                 0                443       
  46108        59              0         27           0                 0                32        
  44072        1438            15        0            0                 121              1574      
  44031        2732            0         198          0                 0                2534      
  43356        2114            0         0            295               0                1819      
  42169        237             249       0            140               0                346       
  41584        1491            0         68           230               0                1193      
  41003        2183            0         18           0                 0                2165      
  39131        897             0         0            44                297              1150      
  38853        839             0         86           0                 257              1010      
  38304        1450            81        0            267               0                1264      
  33947        149             0         0            196               0                -47       Trans.Incorrectas
  31855        2088            105       0            0                 0                2193      
  31389        1594            39        141          162               0                1330      
  29466        1599            0         0            0                 148              1747      
  29182        2237            0         0            0                 0                2237      
  23981        1360            0         0            0                 147              1507      
  23195        95              0         0            0                 125              220       
  22397        1752            0         0            82                0                1670      
  22303        1542            0         0            0                 0                1542      
  21583        1622            0         416          0                 290              1496      
  20413        36              0         0            0                 0                36        
  20052        75              0         0            0                 0                75        
  18683        2890            136       0            0                 0                3026      
  18575        2317            0         0            0                 281              2598      
  18157        1538            0         0            0                 0                1538      
  17963        161             36        0            0                 0                197       
  16913        1947            0         155          0                 0                1792      
  16043        2776            0         0            0                 0                2776      
  14616        1632            0         0            0                 0                1632      
  13450        2094            86        0            0                 215              2395      
==============================================================================================================
ALMACEN: 10003
--------------------------------------------------------------------------------------------------------------
PRODUCTO   STOCK INICIAL   INGRESOS   SALIDAS   ENVIADO A ALM.   RECIBIDO DE ALM.   STOCK FINAL   OBSERVACION
--------------------------------------------------------------------------------------------------------------
  98824        1599            0         0            0                 0                1599      
  97340        27              0         0            0                 0                27        
  95819        683             0         0            0                 0                683       
  94310        1845            0         0            0                 0                1845      
  92819        2940            186       0            0                 0                3126      
  86545        920             0         0            0                 0                920       
  85293        2489            0         0            0                 261              2750      
  83464        2009            0         0            144               0                1865      
  78931        2286            0         0            0                 251              2537      
  76402        1694            0         0            0                 0                1694      
  74543        1248            0         164          0                 0                1084      
  73510        1915            0         0            0                 0                1915      
  72450        2593            0         0            0                 0                2593      
  71509        1833            0         0            0                 0                1833      
  70604        2015            0         134          0                 219              2100      
  70351        2777            0         0            0                 219              2996      
  68474        69              0         0            0                 0                69        
  66721        2571            0         0            0                 0                2571      
  66435        1813            0         0            0                 0                1813      
  61460        57              0         0            0                 0                57        
  60829        60              0         0            0                 215              275       
  58204        82              0         0            0                 0                82        
  57409        74              148       0            0                 0                222       
  55888        26              0         0            0                 0                26        
  55401        1315            0         0            0                 0                1315      
  52703        2506            0         0            0                 0                2506      
  46549        94              0         0            0                 0                94        
  46108        46              0         0            0                 0                46        
  44072        2901            0         0            210               0                2691      
  44031        1749            156       283          248               0                1374      
  43356        1949            0         0            0                 295              2244      
  42169        1327            0         0            0                 0                1327      
  41584        2676            0         0            0                 0                2676      
  41003        1118            0         0            0                 203              1321      
  39131        2388            0         0            68                115              2435      
  38853        1944            0         0            0                 0                1944      
  38304        51              0         0            0                 32               83        
  33947        2903            0         0            0                 0                2903      
  31855        2797            0         0            0                 0                2797      
  31389        2099            0         176          0                 0                1923      
  29466        71              0         0            148               0                -77       Trans.Incorrectas
  29182        2269            0         0            0                 0                2269      
  23981        1776            0         0            111               0                1665      
  23195        51              0         0            0                 0                51        
  22397        1397            0         0            0                 0                1397      
  22303        51              71        0            0                 0                122       
  21583        50              78        0            0                 0                128       
  20413        26              18        0            0                 0                44        
  20052        2735            0         0            0                 0                2735      
  18683        240             0         0            0                 0                240       
  18575        2792            0         0            0                 0                2792      
  18157        1179            174       0            0                 0                1353      
  17963        2465            0         0            0                 0                2465      
  16913        1848            0         0            0                 0                1848      
  16043        866             0         0            0                 146              1012      
  14616        2576            0         0            0                 101              2677      
  13450        2407            0         0            0                 0                2407      
==============================================================================================================
ALMACEN: 10004
--------------------------------------------------------------------------------------------------------------
PRODUCTO   STOCK INICIAL   INGRESOS   SALIDAS   ENVIADO A ALM.   RECIBIDO DE ALM.   STOCK FINAL   OBSERVACION
--------------------------------------------------------------------------------------------------------------
  98824        69              0         0            0                 0                69        
  97340        1732            0         261          0                 0                1471      
  95819        56              0         251          174               122              -247      Trans.Incorrectas
  94310        69              0         0            0                 0                69        
  92819        673             0         0            0                 0                673       
  86545        531             0         42           0                 0                489       
  85293        2248            0         0            0                 0                2248      
  83464        269             121       260          127               144              147       
  78931        2206            112       268          0                 0                2050      
  76402        427             0         0            187               0                240       
  74543        845             0         51           0                 146              940       
  73510        1216            0         0            0                 214              1430      
  72450        98              0         212          0                 0                -114      Trans.Incorrectas
  71509        86              0         0            0                 0                86        
  70604        2706            210       0            0                 0                2916      
  70351        1062            0         0            147               0                915       
  68474        2118            0         0            0                 0                2118      
  66721        44              0         0            0                 0                44        
  66435        605             67        179          0                 0                493       
  61460        53              0         0            0                 0                53        
  60829        2086            0         0            0                 0                2086      
  58204        58              0         216          16                0                -174      Trans.Incorrectas
  57409        1778            0         0            0                 0                1778      
  55888        946             0         273          0                 0                673       
  55401        2300            0         68           0                 0                2232      
  52703        974             0         0            168               0                806       
  46549        48              0         307          0                 0                -259      Trans.Incorrectas
  46108        1671            0         0            0                 0                1671      
  44072        2486            0         0            0                 0                2486      
  44031        1441            0         295          0                 0                1146      
  43356        2761            0         0            0                 0                2761      
  42169        2823            0         0            0                 140              2963      
  41584        98              0         0            146               0                -48       Trans.Incorrectas
  41003        2069            0         0            203               0                1866      
  39131        2186            0         0            115               0                2071      
  38853        47              0         245          0                 0                -198      Trans.Incorrectas
  38304        578             358       0            32                0                904       
  33947        477             0         0            112               0                365       
  31855        91              0         121          0                 0                -30       Trans.Incorrectas
  31389        68              0         0            0                 0                68        
  29466        954             0         0            0                 0                954       
  29182        2341            415       201          0                 66               2621      
  23981        59              55        212          0                 0                -98       Trans.Incorrectas
  23195        65              0         0            109               0                -44       Trans.Incorrectas
  22397        2261            0         0            0                 82               2343      
  22303        2428            0         0            0                 0                2428      
  21583        833             0         0            290               0                543       
  20413        597             0         0            0                 0                597       
  20052        49              0         0            0                 0                49        
  18683        50              120       0            0                 0                170       
  18575        80              190       0            346               0                -76       Trans.Incorrectas
  18157        287             0         0            0                 0                287       
  17963        2159            290       0            166               0                2283      
  16913        996             0         0            142               0                854       
  16043        2313            0         0            146               0                2167      
  14616        40              0         0            313               0                -273      Trans.Incorrectas
  13450        1489            268       0            32                0                1725      
==============================================================================================================
ALMACEN: 10005
--------------------------------------------------------------------------------------------------------------
PRODUCTO   STOCK INICIAL   INGRESOS   SALIDAS   ENVIADO A ALM.   RECIBIDO DE ALM.   STOCK FINAL   OBSERVACION
--------------------------------------------------------------------------------------------------------------
  98824        800             105       0            0                 0                905       
  97340        1455            0         0            0                 0                1455      
  95819        29              190       0            0                 174              393       
  94310        829             0         145          0                 0                684       
  92819        2722            0         0            0                 0                2722      
  86545        49              0         0            0                 0                49        
  85293        44              0         0            0                 0                44        
  83464        81              0         122          0                 0                -41       Trans.Incorrectas
  78931        1068            0         0            251               0                817       
  76402        79              255       0            0                 0                334       
  74543        1445            263       247          146               0                1315      
  73510        1119            0         92           0                 0                1027      
  72450        1191            0         0            0                 0                1191      
  71509        346             0         0            0                 0                346       
  70604        222             0         0            0                 81               303       
  70351        1095            0         0            0                 0                1095      
  68474        2020            0         232          0                 0                1788      
  66721        563             0         0            0                 0                563       
  66435        1357            0         0            0                 0                1357      
  61460        2545            0         0            0                 0                2545      
  60829        42              0         0            215               0                -173      Trans.Incorrectas
  58204        51              0         227          0                 16               -160      Trans.Incorrectas
  57409        163             0         0            0                 0                163       
  55888        199             0         0            0                 0                199       
  55401        2023            0         83           0                 0                1940      
  52703        1602            0         0            0                 168              1770      
  46549        347             0         0            0                 0                347       
  46108        400             0         0            0                 0                400       
  44072        444             0         0            0                 89               533       
  44031        12              0         0            0                 0                12        
  43356        68              0         0            0                 0                68        
  42169        920             37        0            0                 0                957       
  41584        817             0         0            0                 0                817       
  41003        2877            278       0            0                 0                3155      
  39131        38              0         0            0                 44               82        
  38853        1568            158       0            0                 0                1726      
  38304        2356            0         0            0                 0                2356      
  33947        718             0         0            0                 190              908       
  31855        419             0         0            0                 0                419       
  31389        1949            0         0            0                 162              2111      
  29466        26              296       0            0                 0                322       
  29182        2031            0         0            66                0                1965      
  23981        1786            0         0            0                 0                1786      
  23195        431             0         0            125               0                306       
  22397        484             0         145          0                 0                339       
  22303        194             0         0            0                 0                194       
  21583        38              0         0            0                 0                38        
  20413        186             91        0            0                 0                277       
  20052        89              0         0            0                 0                89        
  18683        35              0         0            0                 0                35        
  18575        1115            0         0            0                 65               1180      
  18157        2360            0         0            0                 0                2360      
  17963        17              0         0            0                 166              183       
  16913        972             0         0            0                 0                972       
  16043        2667            281       0            0                 161              3109      
  14616        377             220       122          0                 0                475       
  13450        1232            0         0            202               0                1030      
==============================================================================================================
ALMACEN: 10007
--------------------------------------------------------------------------------------------------------------
PRODUCTO   STOCK INICIAL   INGRESOS   SALIDAS   ENVIADO A ALM.   RECIBIDO DE ALM.   STOCK FINAL   OBSERVACION
--------------------------------------------------------------------------------------------------------------
  98824        59              0         0            0                 0                59        
  97340        2599            0         0            0                 0                2599      
  95819        923             278       0            122               0                1079      
  94310        98              0         0            0                 0                98        
  92819        83              0         0            0                 0                83        
  86545        620             149       0            0                 0                769       
  85293        2352            0         0            0                 0                2352      
  83464        895             0         0            0                 127              1022      
  78931        82              0         0            0                 0                82        
  76402        2016            36        0            0                 187              2239      
  74543        263             0         0            82                0                181       
  73510        709             0         0            0                 0                709       
  72450        86              0         0            0                 0                86        
  71509        2854            0         62           0                 0                2792      
  70604        639             0         0            300               0                339       
  70351        1147            0         0            0                 0                1147      
  68474        580             0         0            0                 0                580       
  66721        1267            106       0            0                 0                1373      
  66435        1249            0         0            0                 0                1249      
  61460        1815            0         0            0                 0                1815      
  60829        696             0         0            0                 0                696       
  58204        1666            0         0            0                 0                1666      
  57409        714             206       0            0                 0                920       
  55888        2495            0         0            196               0                2299      
  55401        93              0         0            0                 0                93        
  52703        681             96        224          0                 0                553       
  46549        20              0         0            0                 0                20        
  46108        555             0         0            0                 0                555       
  44072        77              0         0            0                 0                77        
  44031        99              0         0            0                 248              347       
  43356        425             0         0            0                 0                425       
  42169        2711            0         0            0                 0                2711      
  41584        2063            0         0            0                 376              2439      
  41003        1150            0         0            0                 0                1150      
  39131        98              78        0            297               68               -53       Trans.Incorrectas
  38853        1513            0         0            257               0                1256      
  38304        2801            0         53           0                 267              3015      
  33947        50              0         0            190               308              168       
  31855        94              63        0            0                 0                157       
  31389        2113            0         0            0                 0                2113      
  29466        736             147       0            0                 0                883       
  29182        973             0         0            0                 0                973       
  23981        1875            142       0            147               111              1981      
  23195        984             0         0            0                 109              1093      
  22397        61              0         98           0                 0                -37       Trans.Incorrectas
  22303        2519            0         0            0                 0                2519      
  21583        917             0         0            0                 0                917       
  20413        561             0         168          0                 0                393       
  20052        402             249       29           0                 0                622       
  18683        527             352       0            0                 0                879       
  18575        1109            0         0            0                 0                1109      
  18157        629             0         28           0                 0                601       
  17963        1257            0         0            0                 0                1257      
  16913        525             0         0            0                 142              667       
  16043        2612            0         17           161               0                2434      
  14616        161             0         0            101               313              373       
  13450        1267            0         0            13                32               1286      
