33947    10001    149
70604    10005    222
16913    10003    1848
85293    10004    2248
86545    10001    2099
29182    10004    2341
74543    10007    263
70604    10001    27
78931    10001    1033
16043    10004    2313
18575    10004    80
44072    10001    1438
44031    10007    99
66721    10001    1711
95819    10004    56
31389    10003    2099
23981    10003    1776
16043    10007    2612
76402    10003    1694
97340    10003    27
29466    10004    954
66435    10003    1813
58204    10003    82
16913    10007    525
83464    10007    895
94310    10001    2315
74543    10004    845
68474    10001    140
74543    10003    1248
83464    10004    269
52703    10003    2506
66721    10005    563
23195    10003    51
66435    10007    1249
55401    10003    1315
98824    10001    82
73510    10004    1216
13450    10001    2094
76402    10004    427
17963    10005    17
41003    10004    2069
70351    10007    1147
66435    10004    605
39131    10005    38
44072    10005    444
92819    10007    83
73510    10001    1813
83464    10001    59
33947    10003    2903
14616    10001    1632
52703    10005    1602
58204    10001    2899
38304    10007    2801
20052    10003    2735
41584    10003    2676
70604    10003    2015
29182    10007    973
21583    10005    38
55888    10003    26
29466    10001    1599
76402    10001    2687
73510    10005    1119
66721    10007    1267
23981    10005    1786
74543    10001    2397
20052    10001    75
18157    10005    2360
43356    10003    1949
31855    10003    2797
44031    10004    1441
31855    10005    419
41584    10004    98
31389    10005    1949
46549    10004    48
61460    10005    2545
20413    10005    186
68474    10005    2020
38304    10004    578
20413    10001    36
46108    10005    400
39131    10001    897
13450    10003    2407
58204    10004    58
92819    10003    2940
44072    10007    77
55888    10005    199
60829    10005    42
52703    10001    1917
20413    10004    597
20052    10004    49
71509    10004    86
17963    10003    2465
98824    10005    800
17963    10007    1257
85293    10005    44
44072    10004    2486
22397    10001    1752
43356    10005    68
21583    10004    833
73510    10003    1915
76402    10005    79
23195    10007    984
22303    10005    194
97340    10001    2333
71509    10007    2854
42169    10001    237
55888    10001    186
72450    10001    2023
31389    10001    1594
39131    10003    2388
66435    10001    606
68474    10003    69
43356    10004    2761
46108    10001    59
98824    10007    59
86545    10005    49
98824    10003    1599
57409    10003    74
31389    10007    2113
70351    10001    179
33947    10005    718
16913    10001    1947
41003    10007    1150
20413    10003    26
55401    10005    2023
52703    10004    974
60829    10007    696
43356    10007    425
16913    10005    972
78931    10004    2206
57409    10001    229
18683    10001    2890
95819    10007    923
20413    10007    561
38853    10007    1513
18157    10003    1179
21583    10001    1622
38853    10004    47
38853    10003    1944
92819    10005    2722
18575    10003    2792
97340    10007    2599
86545    10004    531
17963    10004    2159
55401    10004    2300
85293    10007    2352
58204    10005    51
31389    10004    68
29466    10007    736
29182    10005    2031
70604    10004    2706
98824    10004    69
21583    10003    50
13450    10007    1267
18683    10005    35
31855    10001    2088
42169    10004    2823
44031    10005    12
71509    10001    673
94310    10004    69
68474    10007    580
42169    10003    1327
39131    10007    98
72450    10004    98
94310    10005    829
61460    10004    53
60829    10003    60
46549    10003    94
60829    10004    2086
72450    10003    2593
72450    10007    86
46549    10007    20
85293    10001    643
85293    10003    2489
70351    10003    2777
33947    10007    50
18575    10007    1109
46108    10003    46
18575    10005    1115
66435    10005    1357
94310    10003    1845
57409    10007    714
14616    10007    161
14616    10003    2576
66721    10003    2571
23981    10007    1875
78931    10005    1068
55401    10001    500
61460    10003    57
71509    10005    346
86545    10007    620
21583    10007    917
55888    10004    946
58204    10007    1666
76402    10007    2016
41003    10005    2877
95819    10003    683
20052    10007    402
42169    10007    2711
61460    10007    1815
18683    10007    527
60829    10001    1049
23981    10001    1360
13450    10005    1232
22397    10003    1397
23195    10005    431
22303    10007    2519
44031    10001    2732
18157    10007    629
92819    10001    162
57409    10004    1778
18157    10004    287
38853    10001    839
18683    10003    240
68474    10004    2118
29466    10003    71
13450    10004    1489
16043    10001    2776
41584    10005    817
55401    10007    93
83464    10003    2009
39131    10004    2186
17963    10001    161
41003    10003    1118
46108    10007    555
78931    10007    82
41584    10007    2063
74543    10005    1445
31855    10004    91
23195    10001    95
46549    10001    502
20052    10005    89
42169    10005    920
95819    10001    571
44072    10003    2901
22397    10007    61
38304    10003    51
70604    10007    639
29182    10001    2237
18575    10001    2317
41584    10001    1491
66721    10004    44
78931    10003    2286
61460    10001    2700
83464    10005    81
38853    10005    1568
95819    10005    29
38304    10001    1450
23195    10004    65
52703    10007    681
70351    10005    1095
16913    10004    996
71509    10003    1833
18683    10004    50
72450    10005    1191
92819    10004    673
16043    10003    866
97340    10005    1455
94310    10007    98
14616    10005    377
38304    10005    2356
86545    10003    920
14616    10004    40
70351    10004    1062
73510    10007    709
46108    10004    1671
22397    10004    2261
22303    10001    1542
18157    10001    1538
29466    10005    26
33947    10004    477
57409    10005    163
41003    10001    2183
22397    10005    484
16043    10005    2667
29182    10003    2269
55888    10007    2495
97340    10004    1732
31855    10007    94
22303    10004    2428
46549    10005    347
23981    10004    59
44031    10003    1749
43356    10001    2114
22303    10003    51
